# This is a test to assign a value to a variable
x <- 5
y <- 9999
a <- 123333333333